0 0 -0.000735349  1.50913e-05  0.000174196
0 0 -9.12218e-05  0.000471438 -0.000627044
-0.0212839  0.0210924   0.0154077 0.000291585  -0.0023148
-0.0421846  0.0416088   0.0522447  0.00508895 0.000475599
-0.0504296  0.0668244  0.0865118 0.00444995  0.0350544
-0.0476494  0.0775619  0.0881723 0.00490026   0.102074
-0.0338433  0.0734389  0.0771113 0.00592891   0.116571
-0.0377743  0.0814927  0.086105 0.0100026  0.140599
-0.0382538  0.0818762 0.0827017 0.0104615   0.14594
-0.0383494  0.0809175  0.0861944 0.00610355   0.129727
-0.0368156  0.0779454 0.0909717 0.0103613  0.150763
-0.0384452  0.0819721  0.0807156 0.00270773    0.13333
-0.0340353  0.0871493  0.0910738 0.00538093   0.174492
-0.0339392  0.0856153  0.0818299 0.00776517   0.165414
-0.0332682  0.0864782 0.0912998 0.0121724  0.181826
-0.0333641  0.0868617  0.0805024 0.00916397   0.159934
-0.0354733   0.086574 0.0961596 0.0125911  0.176213
-0.0384454  0.0895461 0.0928038 0.0127348  0.168041
-0.0381578  0.0913678 0.0884212 0.0112648  0.167409
-0.0386372  0.0927099 0.0942376 0.0078256  0.170247
-0.0386372   0.089642  0.0945902 0.00665725   0.168785
-0.0408422  0.0900254  0.0955535 0.00765083   0.170337
-0.043335 0.0864782   0.094791 0.00898816   0.145485
-0.0627973  0.0653859  0.0940414 0.00406616  0.0267186
-0.0677829   0.066824    0.0987291 -0.000480864   0.00126948
-0.0672075  0.0533059    0.0897806 -0.000730718   -0.0230707
-0.0755485  0.0276117   0.0722396 -0.00125156   -0.136729
-0.0856154  0.0334599   0.0822993 -0.00813277   -0.158752
-0.0829308  0.0318301   0.0809736 -0.00221465   -0.154314
-0.0914636  0.0343229   0.0940078 -0.00715232   -0.175794
-0.091176 0.0333641   0.0845097 -0.00244653   -0.167334
-0.0905048  0.0335559  0.0927444 -0.0103847  -0.184186
-0.0936687  0.0350897   0.0898194 -0.00766504   -0.174938
-0.0961614  0.0385413  0.0965204 -0.0103295  -0.180654
-0.0955862  0.0388288   0.0910418 -0.00126158   -0.164286
-0.0891626  0.0396918   0.0999146 -0.00539715    -0.17333
-0.091176 0.0433348   0.0913427 -0.00283078   -0.131238
-0.0910801  0.0437186   0.103337 -0.0110129  -0.153853
-0.0912718  0.0429513   0.0971938 -0.00257165   -0.148338
-0.0909842   0.042568   0.0931158 -0.00696907   -0.149587
-0.091176 0.0430474   0.0930969 -0.00666893   -0.146815
-0.0870536   0.041801   0.0955539 -0.00680102   -0.144753
-0.0912719  0.0427597 0.0908351 -0.007437 -0.149189
-0.0914636  0.0439103   0.0953803 -0.00723296   -0.150428
-0.0906968  0.0429513   0.0867327 -0.00727589   -0.137341
-0.0906963   0.045732   0.100925 -0.0138508  -0.148307
-0.0915594  0.0481286    0.104112 -0.00105988   -0.132804
-0.0874372  0.0473616   0.0949553 -0.00481035    -0.13084
-0.0822597  0.0458276    0.097416 -0.00169099   -0.123173
-0.0868616  0.0483205   0.093179 0.00145932  -0.113887
-0.0862865   0.048512   0.0968544 -0.00762232   -0.126602
-0.0846567  0.0464988 0.0913239 0.0101555 -0.119714
-0.0809174  0.0431433  0.0937602 -0.0076732  -0.125884
-0.0782328  0.0395958   0.0851093 -0.00139155   -0.118058
-0.0845609  0.0385413   0.0965279 -0.00526346   -0.149582
-0.0855193  0.0383496   0.0888887 -0.00495578   -0.146754
-0.0867658  0.0382535  0.0926022 -0.0067759  -0.152203
-0.0863824  0.0386372    0.0835372 -0.000327541    -0.144825
-0.0856152  0.0381577   0.0962238 -0.00467169   -0.149363
-0.0867658  0.0389247   0.0939312 -0.00652828   -0.146754
-0.0830269  0.0371032  0.0971212 0.00355771  -0.160498
-0.0838895  0.0396919    0.087814 -0.00357706   -0.148236
-0.0813971  0.0437183    0.091042 -0.00542638    -0.11368
-0.0813007  0.0431433   0.0895641 0.000626839   -0.119606
-0.0816846  0.0428555   0.0897381 -0.00264714   -0.121273
-0.0786166  0.0420887   0.0935933 -0.00782516     -0.1201
-0.0801506  0.0437183 0.0907098 -0.014891 -0.109046
-0.0767946  0.0423763    0.0842014 -2.49386e-05    -0.110334
-0.0685499    0.05158   0.0817671 -0.00273566  -0.0594595
-0.0657694   0.055511   0.0928178 0.000504155  -0.0458879
-0.0573325  0.0582914  0.0878528 0.00177863 0.00965385
-0.041801 0.0581954  0.0699688 0.00218408  0.0385706
-0.0334599  0.0698919 0.0740233 0.0064968  0.113156
-0.0336518  0.0709467  0.0736746 0.00799214   0.122367
-0.0338435  0.0719054 0.0749677  0.007485  0.123716
-0.0333641  0.0711381  0.0784035 0.00777383   0.122994
-0.0313506   0.073056   0.072634 0.00197771   0.143042
-0.0351858  0.0709465  0.0795643 0.00304651   0.118837
-0.0295291  0.0656738  0.0700587 0.00372671   0.114832
0 0 -0.000713932  0.000457214 -0.000484977
0 0  -0.00102548  0.000751276 -0.000953401
0 0  0.0013952 -0.0019453 0.00134991
